DST2206*01PPX120   0  -9  -5  -8  -8  -9  -7  -7 -10 -10  -8 -11 -10  -7  -9 -11 -10 -10 -11  -9 -11 -12 -13 -14 -10 -10
DST2206*02PPX120   0  -7  -4  -4  -6  -7  -8  -7  -6  -4  -2  -3  -5  -9  -9  -7  -7  -6  -5  -7  -7  -9 -10  -8  -8  -6
DST2206*03PPX120   0  -7  -4  -3  -5  -5  -6  -5  -4  -5  -6  -8  -7  -6  -7  -4  -2  -5  -4  -3  -2  -3  -2  -1  -2  -4
DST2206*04PPX120   0  -3  -3  -3   0   1   4   5   5   5   6   6   5   4   2  -1  -1   0   2   3   4   7   8   7   7   3
DST2206*05PPX120   0   6   5   4   2   2   2   3   4   4   3   3   6  11  13  12  11  13  11   9   7  10  11  11   9   7
DST2206*06PPX120   0   6   4   2   3   1  -3  -4  -2  -3  -3   9  19  11  15  13  11  14  16  14  18  15  13   6   8   8
DST2206*07PPX120   0   6   0  -6  -8 -10 -17 -16 -18 -17 -19 -19 -17 -16 -15 -19 -20 -17 -13 -10 -11 -18 -22 -22 -14 -14
DST2206*08PPX120   0  -7  -7  -6  -6  -4  -5  -3  -1   5   3  -4  -2   3   6   4   2   2   1   0  -4   4   9   9  15   1
DST2206*09PPX120   0  13  11   8   6   6   5   3   4   5   5   4   3   1   4   7   9  10   5   2   1   1   2   2   0   5
DST2206*10PPX120   0   3   7   7   8   9   4   0   0   2   4   5  12   8   4  -1  -2   2   2   2   0  -2  -1   2   6   3
DST2206*11PPX120   0  11  19  18  17  19  16  12  14  15  16  11  15  13  17  24  20  20  22  24  22  19  20  21  21  18
DST2206*12PPX120   0  19  21  23  21  24  18  15  10  11   8   7   6   1  -2  -2   0   4   5   4   4   4   7   4   9   9
DST2206*13PPX120   0  13  15   9  10   7  10   7   3   1   0   3   1  -1   1   2   1   0  -4  -1   3   3   2   0   4   4
DST2206*14PPX120   0   6   8  13  13  12  11   8   5   7   9   8   8   5   6   5   5   6   4   5  10  13  12   7  13   8
DST2206*15PPX120   0  19  21  22  15  18  21  13  12   4  -3   2   0  -7 -18 -28 -31 -27 -24 -23 -22 -19 -18 -17 -13  -4
DST2206*16PPX120   0  -9  -5  -4  -4  -6 -10 -13 -13 -12 -16 -16 -14 -13 -14 -16 -14 -11  -7  -6  -4  -5  -2  -9 -13 -10
DST2206*17PPX120   0  -5  -2  -7  -7  -6  -6  -2  -4  -6  -3 -10  -9 -11  -7  -9 -13 -11  -8  -6  -9  -2   2   0   1  -6
DST2206*18PPX120   0  -4  -4  -5  -1   0  -4  -8  -9  -7  -5 -10  -7  -6  -6  -7  -6  -6  -4  -2   1  -3  -5 -11  -8  -5
DST2206*19PPX120   0  -7  -4  -5  -6  -2  -2  -4  -4  -8 -11 -11  -8 -11 -10 -10 -14 -13 -12  -9  -6  -1  -1  -2   0  -7
DST2206*20PPX120   0   0   2   0   2   0  -4  -5  -7  -4  -6  -9  -8  -9  -9 -11 -19 -22 -23 -22 -20 -16 -17 -21 -18 -10
DST2206*21PPX120   0 -13  -9  -6  -4  -7  -5  -3  -3  -7  -5  -4  -1   1   1  -2  -1   1   0   1  -1   1   0  -1  -3  -3
DST2206*22PPX120   0   0   0  -4  -5  -5  -7 -12 -10 -15 -19 -17 -13 -11 -21 -25 -22 -17 -13 -12 -10 -14 -11  -6  -4 -11
DST2206*23PPX120   0 -11 -10  -6  -4  -8 -11  -9  -2  -1  -3  -2  -2  -2  -3  -6  -6  -1   2   4   5   1   1  -1  -2  -3
DST2206*24PPX120   0   1   4   5   3   4   3   4   6   6   6   1   1   2   3   1   0   1   4   4  -4 -12  -9  -8  -7   1
DST2206*25PPX120   0 -10 -13 -10 -10 -11 -14 -16 -13 -10 -12 -14 -10  -8 -10 -17 -23 -29 -32 -34 -41 -47 -40 -42 -45 -21
DST2206*26PPX120   0 -47 -39 -26 -27 -31 -32 -28 -20 -15 -22 -24 -25 -24 -23 -21 -22 -20 -27 -23 -20 -14 -12 -18 -19 -24
DST2206*27PPX120   0 -24 -20 -17 -23 -33 -35 -27 -25 -22 -20 -18 -17 -13 -15 -15 -17 -18 -20 -20 -21 -20 -14 -11 -10 -20
DST2206*28PPX120   0  -7  -7  -2  -2   1  -4 -10  -8  -6  -6  -6  -8 -10  -9  -8  -9  -8  -8  -8 -11 -12 -15 -18 -15  -8
DST2206*29PPX120   0 -12  -8  -3   0   2   1  -4  -1   1  -4  -6  -4  -7  -8  -6  -6  -5  -6  -4  -7  -5  -5  -7  -5  -5
DST2206*30PPX120   0  -2   0   1   4  10   9   6   3   4   4   3  -1  -2   0  -1  -3  -1   0   3   3   2  -1  -4  -2   1

[Created at Tue Jul 18 03:54:54 UTC 2023]
