DST2208*01PPX120   0   4   8  10   3  -1   1  -1  -4  -2  -1  -3  -2  -1   0   4  10  11  10  14  15  14   9   7   6   5
DST2208*02PPX120   0   6   5   7  -1  -3  -1   4   2   1  -1   5   5   5   7  10  11  10  12  13  14  10   8   3   3   6
DST2208*03PPX120   0   3   7   8   9   8   7  -2   0   3   6   5   5   6   7   6   6   8   6   1   3   7  11  10   4   6
DST2208*04PPX120   0  -1  -5  -9  -8  -4   1   1   1   4   3   2   2   4   2   0   1   2   2   0  -1  -1  -1   2   2   0
DST2208*05PPX120   0  -5 -11 -19 -18 -14  -8  -6  -6  -3  -1  -1   0   0  -4  -4  -1   0   3   7  10  10   9   8   7  -2
DST2208*06PPX120   0   1   3   3   1  -1   3   6   7   8  10  14  14  17  17  17  18  21  23  25  25  23  20  19  22  13
DST2208*07PPX120   0  22  22  20  19  16  11   5  -2  -6  -9  -7  -9  -8 -19 -12  -9  -9 -14 -13 -10 -20 -17 -29 -30  -5
DST2208*08PPX120   0 -30 -28 -24 -32 -37 -45 -51 -59 -43 -41 -43 -39 -39 -34 -33 -32 -34 -35 -32 -31 -25 -27 -25 -24 -35
DST2208*09PPX120   0 -22 -23 -21 -27 -34 -35 -30 -28 -27 -34 -37 -34 -36 -37 -34 -31 -34 -39 -38 -35 -33 -32 -33 -30 -32
DST2208*10PPX120   0 -27 -24 -24 -29 -29 -26 -24 -22 -19 -19 -22 -20 -17 -18 -16 -12 -13 -17 -19 -19 -14 -20 -24 -22 -21
DST2208*11PPX120   0 -23 -23 -26 -27 -26 -22 -24 -24 -19 -14 -14 -17 -20 -19 -21 -20 -16 -22 -30 -29 -32 -33 -34 -29 -24
DST2208*12PPX120   0 -30 -27 -21 -20 -23 -25 -23 -23 -24 -20 -18 -28 -32 -32 -27 -22 -21 -22 -21 -19 -17 -18 -18 -18 -23
DST2208*13PPX120   0 -19 -18 -14 -13 -15 -16 -17 -15  -8 -13 -15 -12  -8  -9 -15 -21 -19 -18 -14  -8  -9  -8 -11 -15 -14
DST2208*14PPX120   0 -20 -17 -21 -21 -20 -18 -16 -14 -13 -13 -14 -14 -10 -10  -9  -6  -4  -3   1   2   2   1  -2  -4 -10
DST2208*15PPX120   0  -8  -9  -8  -9  -7  -6  -6  -4  -4  -2  -3  -6  -7  -7 -11 -13 -11 -11  -9  -6  -6  -7 -12 -13  -8
DST2208*16PPX120   0 -10  -4   0  -3  -5  -5  -5  -7  -7  -4  -4  -7  -8  -5  -4  -4  -3  -1   1   4   6  10   9   6  -2
DST2208*17PPX120   0   6   8  14  27  25  25  22  22  24  25  13   5   9  12   5   6   6  11  -9 -28 -39 -50 -41 -46   2
DST2208*18PPX120   0 -44 -35 -32 -31 -30 -27 -32 -38 -33 -29 -28 -28 -39 -44 -49 -48 -45 -38 -35 -38 -44 -39 -40 -40 -37
DST2208*19PPX120   0 -39 -32 -35 -35 -38 -32 -28 -27 -26 -27 -28 -23 -17 -16 -18 -15 -15  -8 -11 -27 -31 -28 -21 -30 -25
DST2208*20PPX120   0 -38 -38 -35 -36 -35 -38 -29 -25 -21 -18 -18 -17 -17 -18 -20 -19 -17 -16 -14 -10 -16 -30 -34 -31 -25
DST2208*21PPX120   0 -38 -37 -37 -34 -30 -31 -28 -23 -14 -21 -25 -21 -17 -17 -18 -19 -21 -22 -23 -18 -18 -20 -20 -21 -24
DST2208*22PPX120   0 -21 -25 -28 -32 -33 -27 -23 -21 -18 -16 -16 -15 -15 -15 -17 -16 -15 -15 -14 -12 -13 -13 -14 -12 -19
DST2208*23PPX120   0 -14 -12 -13 -15 -16 -16 -13 -11  -8  -8  -9  -7  -6  -6  -8  -9 -10  -9  -8  -7  -7  -8  -7  -6 -10
DST2208*24PPX120   0  -5  -7  -6  -5  -2   1   2   2   4   3   0   1   1  -1  -1  -2  -4  -7 -10 -10  -7  -4  -3  -6  -3
DST2208*25PPX120   0  -5  -5  -4  -3  -4  -2   0   0  -3  -4  -7  -8 -12 -10  -5  -3  -1  -2  -3  -2  -3  -2  -3  -4  -4
DST2208*26PPX120   0   0   4   7   8   8   5   1   0   2   3   2   1   0   1   1   0  -1  -1   1   3   2  -1  -2  -2   2
DST2208*27PPX120   0   0   2   4   6   8   9  12  14  11   7  11   7 -15 -29 -34 -25 -18 -16 -17 -26 -27 -27 -16 -12  -7
DST2208*28PPX120   0 -10  -9  -6  -7  -7 -10 -12 -12  -9  -3  -3  -8   0   5   4  -1  -2  -2   0  -3  -2  -1   2   6  -4
DST2208*29PPX120   0   6   1   0   4   0  -5 -13  -7 -12  -7  -3  -3  -2  -7  -6  -2   2   5   7   6   5   5   5   5  -1
DST2208*30PPX120   0   3   2  -1  -6  -6 -10 -11 -13  -9  -6 -12 -12  -5  -4  -6 -10  -7  -3  -4   4   7   1  -7   0  -5
DST2208*31PPX120   0   4   7   8  10   3   0  -6  -8  -8  -5  -6  -3   1   4   2  -1  -4  -1   3   4   1  -6  -6 -11  -1

[Created at Tue Jul 18 03:55:17 UTC 2023]
