DST2207*01PPX120   0   0   0   2   0   0   1   4   3   3   3   8  11  14  13  14  15  20  22  24  20  14  10   9  13   9
DST2207*02PPX120   0   8 -11 -29 -24 -24 -36 -46 -53 -49 -51 -54 -54 -52 -48 -44 -41 -36 -34 -32 -30 -30 -26 -20 -13 -35
DST2207*03PPX120   0  -9  -5  -3  -2  -1   2   8  11  19  24  23  19  17  21  18  18  23  20  18  10   3   3  15  19  11
DST2207*04PPX120   0  15  14  11   8  -1 -15  -5  -7   0  -5 -11 -11 -11  -7  -6  -2 -12 -24 -29 -29 -28 -24 -25 -21  -9
DST2207*05PPX120   0 -17 -17 -20 -21 -18 -15 -12 -12 -11 -11 -11 -11 -10  -7  -6  -6  -5  -5  -3   3   8  11  12  12  -7
DST2207*06PPX120   0   8   5   6   9  13  16  17  17  13   9  10  11  12  13  13  13  11   9   9   9   8   9  11  12  11
DST2207*07PPX120   0  11  11   9   9  10  10  13  26  26  28  35  42  29   6 -21 -36 -41 -51 -61 -70 -76 -78 -81 -76 -14
DST2207*08PPX120   0 -73 -69 -74 -66 -48 -42 -31 -27 -18 -19 -22 -33 -37 -36 -35 -37 -36 -30 -24 -24 -17 -13 -14 -13 -35
DST2207*09PPX120   0 -15 -20 -23 -24 -23 -21 -16 -12  -9  -8  -3  -1  -1  -2  -6 -12 -16 -13 -13 -15 -18 -16 -13 -11 -13
DST2207*10PPX120   0 -12 -10  -9 -10 -10  -9  -8  -6 -11 -10  -6  -4   3   9  11   8   9   7   2  -1  -4  -5  -4   2  -3
DST2207*11PPX120   0   1  -4 -10 -11  -8  -3   2   3   6   7   7   2  -3   2   6   6   7  16   4 -14 -14 -10 -12 -17  -2
DST2207*12PPX120   0 -15 -12 -10 -10  -8 -18 -20 -16  -9 -15  -5  -4 -13 -23 -20 -19 -19 -21 -18 -19 -21 -22 -19 -18 -16
DST2207*13PPX120   0 -16 -14 -12 -12 -11 -10  -8  -8  -7  -9 -10 -10 -13 -14 -16 -18 -14 -13 -13 -16 -17 -20 -21 -18 -13
DST2207*14PPX120   0 -14  -9  -6  -7  -8 -10 -10 -11 -13 -13 -15 -10  -8  -7  -6  -6  -6  -6  -7  -7  -8 -12 -12 -11  -9
DST2207*15PPX120   0 -16 -18 -15 -12 -13 -14 -10  -9  -8  -9 -11 -14 -16 -13 -13 -15 -15 -15 -15 -17 -17 -21 -19 -13 -14
DST2207*16PPX120   0 -13 -14 -15 -17 -16 -16 -12 -13 -13 -12 -15 -17 -17 -18 -15 -14 -11  -8  -7  -5  -4  -5  -7  -9 -12
DST2207*17PPX120   0  -7  -4  -4  -3  -5  -7  -8  -8  -4   0   0  -3  -3  -2   1   3   4   4   5   4   1   1   2   5  -1
DST2207*18PPX120   0   6   5   8   8   8   6   2  -1   2   3   2   1  -7  -5   1   5   6   7   6   5  -8 -15 -13  -1   1
DST2207*19PPX120   0   7  10  22  17  23  14   3  -6 -19 -19 -31 -43 -53 -56 -54 -56 -59 -61 -60 -56 -62 -59 -48 -39 -29
DST2207*20PPX120   0 -35 -32 -35 -32 -27 -21 -16 -14 -13 -10  -8  -9  -9  -7  -7  -9  -6  -5  -9  -9  -9  -7  -2   1 -14
DST2207*21PPX120   0   3   3   0  -5  -6  -4   4   9   8   8   2  -5  -5   4   9  14   6 -17 -24 -14 -16 -24 -21 -11  -3
DST2207*22PPX120   0 -11  -9  -7  -5 -11 -12  -8  -9  -8  -7  -9 -11 -12 -10  -9  -7  -5  -8  -8  -7  -6  -5  -3  -6  -8
DST2207*23PPX120   0 -10 -13 -11  -1 -13 -14 -12  -8 -13 -16 -19 -18 -16 -19 -21 -20 -19 -21 -22 -23 -23 -18 -12 -14 -16
DST2207*24PPX120   0 -19 -23 -22 -19 -18 -16  -9  -6  -7  -5  -7  -9 -13 -12 -12 -15 -15 -14 -16 -15 -10  -9  -8  -4 -13
DST2207*25PPX120   0  -6  -7  -8  -6 -11 -11  -8  -8  -8  -4  -2  -3  -3  -3  -5  -3  -3  -1  -1   0   0  -3  -3   3  -4
DST2207*26PPX120   0   2  -2  -6 -15 -20 -16 -15 -14 -11  -9  -7  -8 -18 -20 -20 -18 -14 -10  -7  -6  -9 -11 -12  -8 -11
DST2207*27PPX120   0  -6  -7  -6  -8 -10  -9  -9  -6   0   0   3   2  -1   1  -1  -2   0   2   3   1   0  -1   0  -1  -2
DST2207*28PPX120   0   0   2   3   4  -1  -3  -5  -8  -5   0   1   0   0   0  -2   2   6   7   7   7   3   3   6  10   2
DST2207*29PPX120   0  11  10   8   7   4   4   7   8  10  10  10  10   8   4   1   1   3   6   8   4   0   0   2   3   6
DST2207*30PPX120   0   7   8  10  10   8   9  10  10  13  16  18  20  17  19  20  19  20  10   6   3   5   6   7  13  12
DST2207*31PPX120   0  22  20  20  18  16  13   8   8  13  16  14  13   8  12  15   7  10  10  15  20  22  10   0   4  13

[Created at Tue Jul 18 03:55:06 UTC 2023]
