DST2210*01PPX120   0 -13 -12 -12 -10  -7  -6  -4  -4  -2  -1  -2  -6  -5  -7  -8  -3   1   0   2   1  -3  -6  -8  -9  -5
DST2210*02PPX120   0  -6  -4  -9 -11  -4   0   2   2   4   9   3  -9 -12 -13 -13 -11 -12 -11  -6  -1  -1 -17 -33 -39  -8
DST2210*03PPX120   0 -40 -37 -39 -39 -33 -30 -28 -29 -21 -15 -11  -8  -7 -16 -32 -31 -19 -17 -18 -32 -28 -23 -19 -16 -25
DST2210*04PPX120   0 -12 -12 -17 -21 -19 -24 -27 -25 -32 -25 -24 -23 -26 -22 -18 -13 -14 -15 -13 -19 -17 -19 -18 -22 -20
DST2210*05PPX120   0 -22 -24 -24 -21 -22 -21 -20 -17 -14  -8 -11 -20 -21 -16 -19 -16 -11 -13 -14  -7 -11 -19 -29 -28 -18
DST2210*06PPX120   0 -20 -23 -24 -24 -21 -15 -14 -16 -17 -22 -29 -28 -22 -28 -27 -24 -25 -27 -22 -19 -17 -16 -19 -20 -22
DST2210*07PPX120   0 -12 -10  -7 -11 -17 -13 -10 -12 -14 -12 -13 -10  -8 -13 -18 -17 -15 -16 -15 -12 -11  -7  -6  -6 -12
DST2210*08PPX120   0  -4  -6  -6 -12 -17 -14 -18 -21 -17 -11 -12 -16 -17 -11 -10 -13 -13 -22 -18 -11 -10  -9  -6  -6 -13
DST2210*09PPX120   0  -2  -8 -11 -17 -21 -18 -16 -14 -20 -20 -10 -14 -29 -32 -33 -25 -24 -26 -17 -25 -28 -24 -21 -19 -20
DST2210*10PPX120   0 -18 -21 -17 -20 -17 -15  -9  -7  -8 -10 -14 -13 -11 -14 -16 -13 -14 -15 -15 -14 -20 -24 -19 -20 -15
DST2210*11PPX120   0 -22 -21 -21 -21 -20 -19 -16 -14 -10  -5  -5  -2  -6  -9  -6  -4  -4  -6  -9 -10  -8  -9 -10  -9 -11
DST2210*12PPX120   0  -9  -9  -7  -5  -4  -2   3   1   0   1   0  -1  -6   0   1   1  -1  -3  -4  -5  -8  -9 -12 -14  -4
DST2210*13PPX120   0 -18 -17 -17 -13 -10 -10 -10  -9  -3   1   0  -3  -3  -3  -4  -5  -5  -5  -4  -5  -7  -9  -9  -9  -7
DST2210*14PPX120   0  -7  -4  -3  -2  -7 -11 -10 -13 -28 -48 -62 -53 -33 -33 -39 -31 -23 -21 -19 -16 -17 -17 -13 -17 -22
DST2210*15PPX120   0 -25 -11  -4  -7 -15 -13  -6  -3   1  -6  -6  -6  -4  -4  -2  -1  -5  -7  -6  -2 -11 -11 -10 -11  -7
DST2210*16PPX120   0 -12 -13 -11 -10  -8  -7  -4 -12 -11  -4  -7  -1  -7 -16 -11 -10 -11 -10  -5  -2  -6 -12 -13 -15  -9
DST2210*17PPX120   0 -14 -19 -19 -20 -17 -11  -4  -1   0   6   8   5   6   4   0   0  -3  -4  -1   2  -1  -2  -3  -4  -4
DST2210*18PPX120   0  -1   0   3   4   5   6   9   9   8  11  13  11   8   8   8   8   5   3   8   9   7   4   3   1   6
DST2210*19PPX120   0   2   0  -2  -3  -4  -5  -3   0   0   3   3   3   1  -1  -3  -1   1   1   2   3   4   5   5   5   1
DST2210*20PPX120   0   5   2   0   1   2   4   8  10  10  10   8   9   7   2  -2  -3   0   2   1   6  10   8   7   8   5
DST2210*21PPX120   0  11   8   7   6   6   6   6   6   5   5   7   5   6   8   9  12  11  11  10   9  12  14  14  11   9
DST2210*22PPX120   0   8   7  11   8   9  10  13  10   4  -2  -7 -13 -28 -43 -49 -51 -64 -70 -76 -76 -65 -56 -53 -49 -26
DST2210*23PPX120   0 -43 -37 -33 -31 -29 -32 -29 -22 -18 -14 -15 -13 -13 -13  -8 -10 -20 -17  -8 -15 -22 -21 -13  -9 -20
DST2210*24PPX120   0 -10 -13 -17 -17 -18 -19 -16 -12 -10  -4  -2  -6 -10 -11  -7  -3  -4  -6  -7  -5  -5  -4  -3  -4  -9
DST2210*25PPX120   0  -4  -4  -1  -1   0  -1  -3  -6  -4   0   1   4   4   6   8   1   1  -1  -2  -1  -1   0   3   3   0
DST2210*26PPX120   0   4   4   5   3   2   3   8   8   9  14  18  20  19  15  14  12   9   7   7   6   3  -3  -5  -6   7
DST2210*27PPX120   0  -4  -4  -1   2   4   5   9   8   4  12  14  15   6  -4 -15 -20 -12  -9  -8  -6   0   2  -1  -2   0
DST2210*28PPX120   0   0  -2  -2  -3   1  -1   1  -3  -2   5   9  11   5   4  11   5 -10 -20 -22 -22 -21 -24 -23 -17  -5
DST2210*29PPX120   0 -13 -17 -28 -28 -34 -37 -33 -35 -43 -31 -23 -26 -29 -26 -27 -26 -26 -22 -17 -10 -11 -12  -8  -9 -24
DST2210*30PPX120   0 -11 -11 -11 -14 -13 -17 -16 -19 -23 -21 -16 -11 -11 -12 -14 -13 -12 -11  -8 -11 -14 -13 -11 -10 -13
DST2210*31PPX120   0  -8  -8 -10 -15 -17 -18 -17 -16 -14  -5  -7 -15 -21 -19 -16 -17 -17 -18 -20 -21 -23 -19 -18 -17 -16

[Created at Tue Jul 18 03:55:35 UTC 2023]
