DST2211*01PPX120   0 -20 -16 -14 -14 -13 -13 -15 -18 -23 -21 -16 -18 -22 -18 -12  -8  -7 -10 -13 -14 -11 -15 -13  -9 -15
DST2211*02PPX120   0  -7  -6 -12 -20 -22 -24 -23 -22 -25 -25 -23 -21 -15 -14 -22 -30 -36 -34 -36 -33 -39 -37 -38 -38 -25
DST2211*03PPX120   0 -38 -33 -31 -28 -26 -28 -31 -36 -41 -48 -54 -49 -45 -51 -44 -47 -51 -55 -59 -52 -49 -55 -58 -51 -44
DST2211*04PPX120   0 -41 -39 -42 -44 -48 -46 -42 -41 -41 -40 -38 -39 -41 -41 -34 -35 -32 -33 -33 -30 -26 -26 -23 -22 -37
DST2211*05PPX120   0 -22 -22 -21 -26 -28 -32 -34 -32 -36 -39 -32 -33 -32 -31 -31 -28 -28 -28 -25 -24 -22 -19 -19 -19 -28
DST2211*06PPX120   0 -17 -17 -18 -17 -18 -18 -20 -21 -21 -20 -16 -15 -14 -11 -10 -13 -14 -13 -13 -12 -10 -10  -8  -4 -15
DST2211*07PPX120   0   2   2   3   0  -2  -2   7  10  12  13  10  -7 -26 -32 -43 -56 -72 -92 -86 -80 -64 -60 -58 -51 -28
DST2211*08PPX120   0 -44 -38 -38 -41 -49 -50 -52 -56 -64 -67 -65 -63 -58 -54 -52 -51 -47 -44 -42 -44 -45 -47 -47 -47 -50
DST2211*09PPX120   0 -45 -44 -42 -38 -40 -43 -44 -43 -42 -33 -25 -26 -26 -26 -25 -25 -21 -21 -23 -21 -20 -20 -19 -19 -30
DST2211*10PPX120   0 -18 -16 -12 -11 -12 -14 -15 -15 -13 -10 -11 -12 -13 -11  -7  -5  -3  -2   1   1   1   2   1   0  -8
DST2211*11PPX120   0   4   6   8   9   7  -1 -10 -15 -13 -14 -18 -20 -17 -10  -7 -17 -20 -16  -7  -8  -7   0  -3  -7  -7
DST2211*12PPX120   0   0  -2  -5  -3  -4  -8 -11  -9 -12 -11 -10 -11  -7  -3  -3  -1   1   1   1   1   1   0   1   0  -4
DST2211*13PPX120   0  -1  -4  -7  -9  -6   1   0  -2  -4  -4  -5  -7  -9  -5   0  -5  -7  -6  -8  -7  -5  -3  -5  -4  -5
DST2211*14PPX120   0  -3  -2   2   3   3   3   4   1  -3  -6  -5  -2  -1  -3  -3  -3  -3  -4  -7  -6  -3  -2  -4  -4  -2
DST2211*15PPX120   0  -4  -3  -4  -2   0   3   5   6   6   6   7   6   6   6   4   5   7   8   7   7   6   7   6   5   4
DST2211*16PPX120   0   4   4   3   5   7  10  12  14  13  11  10   9  10  10  12  12  10   8   5   5   2   1   2   6   8
DST2211*17PPX120   0   5   3   3   4   7  10  13  15  14  12  15  17  19  15  14  15  14  12  10   9   8   8   9   9  11
DST2211*18PPX120   0   9   8   7   6  10  14  19  21  23  23  19  10   3  -1   0   2   7  10   7  -4  -6  -1   0  -2   8
DST2211*19PPX120   0  -2  -4   0  -1   0   4   8  13  10  10  11   9  12  15  14  13  13  10   8   6   6   5   5   7   7
DST2211*20PPX120   0   8   7   5   4   6   6   4   3   2   9  20  23  23  24  23  19  17  13   3  -4   4   7  11  14  10
DST2211*21PPX120   0  17  23  13   9   8  10   6  -3  -3   1   6   3   9   9   7   0   0   1   1   4   3   3   4   5   6
DST2211*22PPX120   0   4   5   6   5   3   3   3   3   1   2   3   6   6   6   5   5   4   6   8  10   9   9   9   9   5
DST2211*23PPX120   0   9  10  11  13  15  15  17  19  18  20  22  20  18  17  21  21  25  25  22  18  21  21  22  24  19
DST2211*24PPX120   0  28  27  25  24  21  17  14  16  15  13  15  15  16  18  17  14  17  21  22  32  36  34  31  32  22
DST2211*25PPX120   0  23  19  20  13  -1 -13 -16 -15  -9  -8 -11 -15 -14  -9 -12 -22 -17  -8 -13 -12 -11 -13  -9 -19  -7
DST2211*26PPX120   0 -19 -11  -8  -7  -9  -7 -12 -11  -7  -6  -5 -11 -13 -11 -12 -13 -13  -8 -12  -8  -6 -10 -14  -8 -10
DST2211*27PPX120   0 -10 -11 -11  -5  -3  -5  -6  -8 -11 -10 -10 -14 -10  -6  -1  -2  -4  -8  -7 -16 -18 -17 -14  -9  -9
DST2211*28PPX120   0 -13 -24 -35 -26 -28 -40 -36 -32 -32 -28 -20 -18 -15 -13 -14 -17 -19 -18 -17 -29 -33 -28 -25 -21 -24
DST2211*29PPX120   0 -22 -29 -25 -24 -20 -22 -25 -32 -43 -40 -33 -23 -23 -28 -27 -26 -31 -32 -27 -26 -24 -23 -20 -13 -27
DST2211*30PPX120   0  -9 -12 -16 -15 -12 -12 -12 -12 -12 -12 -15 -15 -11  -8  -6 -10 -10 -14 -27 -46 -44 -38 -40 -39 -19

[Created at Tue Jul 18 03:55:45 UTC 2023]
