DST2202*01PPX120   0  -5  -3  -3  -5  -5  -1   1   2  -1  -4  -6  -4  -2  -3  -5  -1   0   1   1   3   2   0  11  15  -1
DST2202*02PPX120   0   1   1   6   4   9   8   7   9  11  10   8   7   9   7   8   3  -5 -10  -1   2   2   6   2   6   5
DST2202*03PPX120   0   6   4   3   0  -1  -7 -15 -20 -35 -54 -66 -63 -46 -37 -49 -48 -42 -32 -26 -21 -14 -17 -15  -7 -25
DST2202*04PPX120   0   4   1  -4  -7 -13 -19 -20 -22 -24 -38 -52 -51 -51 -51 -56 -50 -49 -47 -45 -55 -62 -60 -57 -49 -37
DST2202*05PPX120   0 -43 -40 -37 -32 -25 -25 -23 -21 -21 -27 -30 -25 -18 -19 -22 -20 -17 -16 -19 -14 -11 -11 -10 -10 -22
DST2202*06PPX120   0 -17 -20 -23 -19 -18 -17 -17 -20 -17 -15 -15 -13 -11 -14 -19 -20 -18 -16 -14 -12 -12 -17 -15 -12 -16
DST2202*07PPX120   0 -13 -14 -16 -17 -15 -15 -15 -13 -12  -8  -9  -9  -8 -10 -11 -11 -12 -11 -10 -11 -13 -14 -12 -10 -12
DST2202*08PPX120   0  -8  -8  -9  -7  -4  -4  -3   0   2   1  -7 -11 -13 -10  -5  -4  -3  -4  -5  -4  -5  -9 -10 -11  -6
DST2202*09PPX120   0 -11 -10  -9  -8  -6  -5  -2   2   6   7   8   6   5   3   1   0   1   1   2   4   3   9   5   3   1
DST2202*10PPX120   0   1   0  -2   0   1   6  13  16  17  13  14  18  22  22  13 -11 -34 -53 -58 -60 -57 -57 -57 -50 -12
DST2202*11PPX120   0 -50 -49 -43 -41 -36 -30 -29 -27 -21 -19  -7  -1  -5  -5  -1   9  17  23  19   6 -10 -35 -32 -35 -17
DST2202*12PPX120   0 -37 -34 -36 -29 -24 -20 -17 -14 -17 -17 -16 -17 -20 -19 -19 -18 -18 -20 -23 -20 -17 -20 -18 -16 -21
DST2202*13PPX120   0 -17 -21 -18 -21 -19 -16 -17 -20 -17 -10  -9 -11 -13 -17 -17 -17 -13 -14 -10  -8  -9 -12 -13 -11 -15
DST2202*14PPX120   0 -10 -12 -15 -15 -11  -5  -8 -11  -8  -7 -12  -9  -8 -12 -13 -11 -10 -11 -12 -10  -8  -6  -4  -2 -10
DST2202*15PPX120   0  -1   0  -3  -7  -7  -7  -9  -7  -5  -5  -3  -1   1   0  -3  -5  -6  -8  -7  -8  -6  -6  -2   0  -4
DST2202*16PPX120   0   2   4   2   1  -1  -2  -2  -4  -4  -5  -8  -6  -6  -3  -5  -3  -5  -6  -2  -3  -5  -6  -7  -8  -3
DST2202*17PPX120   0  -8  -4  -5  -6  -7  -6  -5  -5  -7  -7  -5  -4   0   2   3   3   1   1  -1  -1   1   2   5   9  -2
DST2202*18PPX120   0  11  13  13  14  14  14  13  13  12  14  11   7   8   6   0   5  10   8   3 -11 -15 -19 -16 -15   5
DST2202*19PPX120   0 -15 -14 -12 -11 -15 -16 -18 -19 -18 -15 -12 -13 -11  -7  -5  -3  -6  -9  -5  -2   1   4  11  12  -8
DST2202*20PPX120   0   7  -4  -5  -5  -1 -11 -14 -14 -13 -12 -10  -6  -4  -2   0   1   3   5   2   1   8   5   4   2  -3
DST2202*21PPX120   0  -1  -2  -3  -3   1   5   7   9   4  -3  -3  -3   1  -1  -4  -3  -1   2   7   6   2   3   4   2   1
DST2202*22PPX120   0  -4  -9 -15 -16 -15 -20 -28 -32 -24 -15 -19 -20 -13 -12 -10  -9  -7  -4   0  -3  -7  -9  -6  -2 -12
DST2202*23PPX120   0   1   3   4   4   2   2   0  -5  -6  -6  -7  -6  -5  -5  -7  -7  -9  -9  -7 -10 -12 -17 -21 -22  -6
DST2202*24PPX120   0 -25 -26 -26 -25 -20 -16 -16 -15  -9  -9 -12 -11  -9  -6  -4   1   5   7  10  11  12   9   7   4  -7
DST2202*25PPX120   0  -1  -3  -7 -10  -8  -7 -11 -10  -9  -4  -6  -6  -5  -3   1   5   7   9  10  10   9   7   7   4  -1
DST2202*26PPX120   0   3   4   3   3   5   5   6   9  11  10   9   9   9   7   8   9  11  14  17  17  18  16  16  14  10
DST2202*27PPX120   0  13  16  20  23  24  23  12  -6 -22 -15  -5  -3  -4   0   2   2   2  -3   1   5   8   9   8   9   5
DST2202*28PPX120   0   7   8   8   3   5   2   6   8  11   6   3   0   1   2   2   2   5   9  13  11   9   9   9   7   6

[Created at Tue Jul 18 03:54:09 UTC 2023]
