DST2209*01PPX120   0  -8  -1  -1  -8  -9  -7   0  -2  -4   1   1   0   0  -1  -3  -5  -7  -5  -7  -6  -2   0  -1   1  -3
DST2209*02PPX120   0   0   0   1   1   3   6  14  15   6   8   8   9   5   2   3   5   6  12  16  14  16  12   2  -2   7
DST2209*03PPX120   0   2  -2   8   3  -7  -1  -1  -4  -7 -15 -15 -21 -22 -22 -29 -34 -31 -27 -30 -29 -24 -25 -23 -16 -16
DST2209*04PPX120   0  -1  -1  -6 -26 -27 -38 -45 -47 -51 -63 -68 -54 -57 -52 -56 -65 -70 -71 -64 -62 -49 -47 -45 -52 -47
DST2209*05PPX120   0 -35 -30 -38 -38 -40 -41 -43 -48 -48 -46 -41 -38 -40 -49 -51 -57 -58 -57 -48 -36 -34 -41 -36 -32 -43
DST2209*06PPX120   0 -29 -33 -36 -35 -35 -36 -35 -36 -37 -36 -31 -28 -32 -39 -42 -43 -46 -36 -34 -31 -34 -32 -27 -25 -35
DST2209*07PPX120   0 -21 -17 -16 -16 -19 -24 -26 -30 -25 -17 -19 -27 -27 -27 -27 -34 -41 -48 -50 -39 -33 -30 -31 -26 -28
DST2209*08PPX120   0 -19 -15 -17 -17 -21 -26 -26 -30 -32 -25 -25 -27 -30 -27 -28 -28 -25 -22 -32 -31 -28 -28 -25 -22 -25
DST2209*09PPX120   0 -21 -26 -31 -28 -25 -24 -16 -16 -27 -28 -33 -34 -40 -33 -26 -28 -30 -24 -22 -21 -21 -24 -25 -20 -26
DST2209*10PPX120   0 -15 -13  -8  -7  -9 -16 -20 -21 -22 -16 -20 -18 -31 -42 -48 -42 -33 -32 -28 -22 -23 -24 -27 -23 -23
DST2209*11PPX120   0 -16 -15 -15 -16 -16 -13  -9  -7  -9  -5  -5  -4  -7 -12 -17 -21 -19 -20 -25 -25 -23 -20 -21 -20 -15
DST2209*12PPX120   0 -15  -8 -12 -16 -16 -17 -18 -17 -17 -11  -5  -6 -10  -5  -4  -5  -8  -9  -9  -4  -6  -7  -8  -7 -10
DST2209*13PPX120   0 -10 -10  -8  -6  -5  -2  -4  -3  -1   0  -4  -5  -3  -3  -2  -1   3   4   3   1  -1  -1  -1   0  -2
DST2209*14PPX120   0   0   2   6   8   8   5   4  14  26  34  23  14  10  11  10  16  22  20  18  24  18  12  -1 -22  12
DST2209*15PPX120   0 -20  -9  -3  -3  -9 -13  -9  -5  -4   2   0  -1  -2   1   2  -1   3   5   5   5   5   5   7   9  -1
DST2209*16PPX120   0  11  12  12  10   7   7  10  14  15  16  20  15  13  10   4   1  -1  -3   1   4   4   4   3   2   8
DST2209*17PPX120   0   3   7   8   8   9   8  10   9   8   7   7  10  10   9  12  12  11  12   9   5   4   2  -3  -4   7
DST2209*18PPX120   0  -1   7  10  11  11  12   9   3  -4   6  12  12  11   0  -3   3   3   3  -2  -5  -4   0   7   5   4
DST2209*19PPX120   0   4   5   5   2  -1  -1   0  -2  -1   5   5   1 -10 -21 -24 -17 -20 -16 -12  -9  -5  -8 -11  -5  -6
DST2209*20PPX120   0  -1  -5  -9 -13 -10 -11  -7  -6  -5   1   4   3   2   2   4   3   2   3   2   3   3   4   4   4  -1
DST2209*21PPX120   0   5   4   4   3   2  -1  -3  -3  -3  -6  -6  -2   0   3   2   2   1   2   3   3   3   2   1   2   1
DST2209*22PPX120   0   3   4   4   4   6   6   5   2   7  11  12   9   4   2   2   5   7   8  10  11  13  15   6   4   7
DST2209*23PPX120   0   4   8  18  25  23  15   8   3  -4  -6 -10 -11  -6   2   4   0  -4  -5  -8 -11 -19 -21 -20 -14  -1
DST2209*24PPX120   0  -9  -6  -6  -7  -7  -3  -2  -7 -16 -18 -20 -20 -17 -16 -21 -18 -16 -17 -20 -25 -21 -13  -8  -5 -13
DST2209*25PPX120   0  -4   0  -1   0   1   1   0  -6  -7  -2  -2  -7  -8  -6  -3   2  -4  -5  -1   0   1   2   3   4  -2
DST2209*26PPX120   0   5   3   1  -1   0   1   2   1  -1   2   7  13  15  18  20  21  21  23  21  20  19  25  30  21  12
DST2209*27PPX120   0   7   1   5   0   0  -4  -3  -6  -7  -4  -5 -22 -21 -11 -12 -17 -21 -20 -20 -18 -17 -16 -13 -12 -10
DST2209*28PPX120   0 -12 -14 -17 -18 -17 -18 -18 -20 -21 -17 -17 -18 -20 -20 -15 -11  -9  -7 -10 -11  -7  -6  -3  -1 -14
DST2209*29PPX120   0  -2  -3  -5  -2  -3   0   2   4  -1   2   3  -6   3   5   3   4   0   5   5   6   4   8   7   5   2
DST2209*30PPX120   0   3  -1  -2   0   0   3   2   0  -3 -18 -15 -18 -24 -34 -28 -23 -18 -12  -8  -9  -9  -7  -6  -8 -10

[Created at Tue Jul 18 03:55:25 UTC 2023]
