DST2310*01RRX020   0 -36 -29 -24 -24 -19 -16 -16 -17 -14 -12 -11 -13 -21 -22 -20 -17 -15 -12 -11 -10 -11  -8  -3  -3 -16
DST2310*02RRX020   0 -10 -15 -21 -15 -13 -18 -21 -22 -20 -19 -15  -9  -4  -2  -7  -6  -5  -8  -8 -11  -7  -4  -1   2 -11
DST2310*03RRX020   0   1   0  -3  -4  -4  -5  -7  -5  -4  -2  -4  -6  -1  -4 -14 -22 -25 -30 -28 -21 -19 -13 -10 -12 -10
DST2310*04RRX020   0 -12 -13 -11 -12 -10 -14 -15 -14 -18 -11  -9 -15 -20 -22 -20 -18 -12 -10  -9  -8  -4  -8 -11  -9 -13
DST2310*05RRX020   0  -8 -13 -30 -40 -33 -29 -32 -29 -26 -29 -28 -17 -14 -17 -20 -16 -15 -12 -11 -10 -10  -6   2   3 -18
DST2310*06RRX020   0   2   0  -5  -9  -8  -5  -3   2   2   6   7   2   4   3   1  -2  -4  -4  -3  -1   0   7  18  13   1
DST2310*07RRX020   0   7   2  -2  -7  -8  -4   2   7  10  10  10  10  11   8   3  -599999999999999999999999999999999   3
DST2310*08RRX020   09999999999999999999999999999999999999999999999999999999999999999999999999999999999999999999999999999
DST2310*09RRX020   09999999999999999999999999999999999999999999999999999999999999999999999999999999999999999999999999999
DST2310*10RRX020   09999999999999999999999999999999999999999999999999999999999999999999999999999999999999999999999999999
DST2310*11RRX020   09999999999999999999999999999999999999999999999999999999999999999999999999999999999999999999999999999
DST2310*12RRX020   09999999999999999999999999999999999999999999999999999999999999999999999999999999999999999999999999999
DST2310*13RRX020   09999999999999999999999999999999999999999999999999999999999999999999999999999999999999999999999999999
DST2310*14RRX020   09999999999999999999999999999999999999999999999999999999999999999999999999999999999999999999999999999
DST2310*15RRX020   09999999999999999999999999999999999999999999999999999999999999999999999999999999999999999999999999999
DST2310*16RRX020   09999999999999999999999999999999999999999999999999999999999999999999999999999999999999999999999999999
DST2310*17RRX020   09999999999999999999999999999999999999999999999999999999999999999999999999999999999999999999999999999
DST2310*18RRX020   09999999999999999999999999999999999999999999999999999999999999999999999999999999999999999999999999999
DST2310*19RRX020   09999999999999999999999999999999999999999999999999999999999999999999999999999999999999999999999999999
DST2310*20RRX020   09999999999999999999999999999999999999999999999999999999999999999999999999999999999999999999999999999
DST2310*21RRX020   09999999999999999999999999999999999999999999999999999999999999999999999999999999999999999999999999999
DST2310*22RRX020   09999999999999999999999999999999999999999999999999999999999999999999999999999999999999999999999999999
DST2310*23RRX020   09999999999999999999999999999999999999999999999999999999999999999999999999999999999999999999999999999
DST2310*24RRX020   09999999999999999999999999999999999999999999999999999999999999999999999999999999999999999999999999999
DST2310*25RRX020   09999999999999999999999999999999999999999999999999999999999999999999999999999999999999999999999999999
DST2310*26RRX020   09999999999999999999999999999999999999999999999999999999999999999999999999999999999999999999999999999
DST2310*27RRX020   09999999999999999999999999999999999999999999999999999999999999999999999999999999999999999999999999999
DST2310*28RRX020   09999999999999999999999999999999999999999999999999999999999999999999999999999999999999999999999999999
DST2310*29RRX020   09999999999999999999999999999999999999999999999999999999999999999999999999999999999999999999999999999
DST2310*30RRX020   09999999999999999999999999999999999999999999999999999999999999999999999999999999999999999999999999999
DST2310*31RRX020   09999999999999999999999999999999999999999999999999999999999999999999999999999999999999999999999999999

[Created at Sat Oct 7 16:00:09 UTC 2023]
