DST2307*01RRX020   0  -8  -7  -8 -11  -8  -6  -6  -7  -7  -8  -8  -8  -9  -8  -8  -6  -9  -9  -5  -2  -2  -2   1   1  -6
DST2307*02RRX020   0   3   4   2  -2  -3  -1   1   0  -1  -2  -4  -5  -5  -4  -6  -5  -4  -4  -2  -2  -5  -8  -9  -7  -3
DST2307*03RRX020   0  -4   1   6   7   6   5   7  10  10   9  10   8   6   3   4   2   0   1   3   3   0   1   0  -1   4
DST2307*04RRX020   0  -1   0   3   2   1   1   2   0   3   3   4   4   3   5   3   3   3   5   7   4   5  11  12   9   4
DST2307*05RRX020   0   8   6   3   5   5   7   8  11  15  15  14  18  24  31  29  27  25  24  26  26  19  13  22  20  17
DST2307*06RRX020   0  14  15  10   9   7   6   5   7  10   9  13  -2   0   6   7   5   5   6   6   9   8   5   0  -7   6
DST2307*07RRX020   0 -10  -4  -1   2   1  -3  -8  -4  -9 -22 -26 -27 -24 -20 -28 -31 -30 -30 -31 -33 -28 -27 -32 -31 -19
DST2307*08RRX020   0 -31 -24 -18 -18 -17 -15 -18 -19 -12  -9  -9 -10 -11 -11 -11 -10  -6   0   4   6   3   1  -2  -1 -10
DST2307*09RRX020   0   0   1   0  -1  -2   1   1  -1   0  -1  -4  -6  -6  -5  -2  -2  -1   4   5   4   0  -3  -2   0  -1
DST2307*10RRX020   0  -1   0  -4  -4  -1   1   0  -1  -3  -4  -4  -3  -3  -3  -3   0   3   4   5   7   9  10   9   7   1
DST2307*11RRX020   0   9  10   8   4  -1  -4  -6  -7  -6   0   2   0   0  -3  -3   1   0  -2   2   1  -1   0   0   2   0
DST2307*12RRX020   0   2   4   7   6   3   0  -3  -2   1   3   4   2   0  -1  -2  -6  -7  -3   2   0  -3  -9  -8  -4  -1
DST2307*13RRX020   0   5   7  12  17  18  15  10   7   7   8   6   4  12  12  15  18  22  28  22  19  15  15  14  12  13
DST2307*14RRX020   0   7  -3  -3  -9 -21 -35 -43 -38 -30 -24 -18 -13 -10  -8 -10 -15 -12 -11 -21 -27 -26 -27 -34 -33 -19
DST2307*15RRX020   0 -26 -20 -16 -12 -14 -13 -11 -10  -8 -11  -9 -15 -16 -16 -21 -23 -23 -22 -20 -20 -23 -21 -23 -22 -17
DST2307*16RRX020   0 -20 -18 -16 -15 -16 -15 -15 -16 -16 -19 -18 -15 -12 -11 -12 -13 -14 -10  -7   2  -2 -16 -35 -53 -16
DST2307*17RRX020   0 -43 -30 -26 -27 -25 -17 -11 -18 -33 -38 -41 -48 -38 -39 -44 -48 -46 -41 -37 -37 -44 -45 -48 -39 -36
DST2307*18RRX020   0 -34 -33 -31 -31 -34 -32 -33 -32 -23 -19 -17 -13  -9 -11  -6  -4  -7  -7  -4  -2  -1  -3  -6  -9 -17
DST2307*19RRX020   0 -11 -15 -13 -10 -11 -14 -13  -9 -10  -8  -8  -4   0   1  -1  -1  -2  -9 -15 -13  -4  -5  -5  -5  -8
DST2307*20RRX020   0  -1   0   2   6   7   4   3   3   3   0   0  -1   1   5   7   5  10  23  11   1  -1   0  -2  -2   4
DST2307*21RRX020   0   2  16  11   2   3   6   1  -2   4   5   2   2   7   8   7   2   4   4   6   2  -2  -1  -6 -22   3
DST2307*22RRX020   0 -34 -26 -14 -16 -20 -20 -16 -14  -8 -14 -17 -16 -14 -11 -10 -10 -10  -8  -6  -6  -8 -13 -13 -14 -14
DST2307*23RRX020   0 -11  -9  -5  -5  -4  -3   0  -2  -7  -7  -5  -5  -4  -3  -2  -5  -5  -5  -6  -7 -10  -8 -10 -11  -6
DST2307*24RRX020   0 -14 -16 -12 -10  -9  -6  -5  -5  -5  -3  -3   0   0  -3  -4  -5  -5  -6  -6  -5  -4  -1   3   4  -5
DST2307*25RRX020   0   8  -7  -9  -8  -6  -3  -3  -5  -4  -4  -3  -2   0  -2  -6 -11 -16 -15 -10 -13 -20 -25  -7 -12  -8
DST2307*26RRX020   0 -17 -11  -5 -13 -23 -23 -37 -44 -52 -47 -48 -39 -35 -36 -35 -38 -39 -44 -33 -25 -25 -26 -16 -15 -30
DST2307*27RRX020   0 -24 -21 -18 -16 -15 -11 -10  -8 -10  -6  -8  -2   2   6   8   6   4   1  -5  -9 -10  -7  -7 -10  -7
DST2307*28RRX020   0 -13 -12  -6  -4  -4  -5  -1   2   3   4   4   7  11   9   6   6   5   8  13  10   3  -1  -6 -12   1
DST2307*29RRX020   0 -11 -14 -17 -16 -17 -15  -8  -4  -2  -3  -1   2   3  -2  -5  -2   2  -2  -4  -2  -3  -5 -10 -10  -6
DST2307*30RRX020   0  -9  -8  -6  -3  -5 -12 -15 -15 -16 -17 -13 -13 -13 -12 -13 -14 -16 -17 -17 -19 -20 -19 -17 -13 -13
DST2307*31RRX020   0 -14 -15 -14 -13 -12  -9 -14 -18 -15 -13 -14 -17 -22 -20 -15 -16 -20 -18 -14 -15 -23 -30 -29 -24 -17

[Created at Mon Sep 25 15:05:22 UTC 2023]
