DST2309*01RRX020   0   9   6   5   6   7   1  -5  -6  -5  -2   3   2  -5 -13 -13 -14 -10  -5  -4 -11  -8  -9  -6  -2  -3
DST2309*02RRX020   0   0  -1   0  -2  -2 -17 -24 -27 -39 -56 -54 -54 -58 -47 -50 -58 -52 -40 -37 -41 -48 -42 -38 -30 -34
DST2309*03RRX020   0 -35 -35 -17  -8 -10 -18 -30 -20 -25 -26 -22 -20 -26 -25 -25 -31 -29 -24 -22 -21 -22 -19 -24 -26 -23
DST2309*04RRX020   0 -29 -30 -28 -21 -18 -17 -14 -12  -9  -4  -3  -6 -11 -14 -16 -13 -15 -15 -11 -10 -11 -11 -13 -12 -14
DST2309*05RRX020   0  -7  -6  -3   0   2   3   2  -1   6   8   8   9   5   3   3   7   8   3  -1 -10  -9  -6  -8  -6   0
DST2309*06RRX020   0  -1  -3  -6  -3   2   2  -1  -3   2   4   6   2  -2  -9  -8  -3   1   1  -3  -7  -5  -2   0   0  -2
DST2309*07RRX020   0   2  -6  -6  -2   1   3   1   4   7   9  10   5   3   1   2   0  -1   3   3   0  -2  -2  -6  -7   1
DST2309*08RRX020   0  -5  -4  -1   3   8   8   7   5   6   7   8   7   7  10  14  14  12   4   3   6   8  10   8   9   6
DST2309*09RRX020   0   7  -1  -3   0  -2  -1   0   0   2  -3   0   2   1  -4  -5  -2  -3  -2   2   4   4   4   5   5   0
DST2309*10RRX020   0   9   5   6   7   7   7   6   6   9  12  11   8   6   4   3   3   0   3   4   4   5   7   7   9   6
DST2309*11RRX020   0  16  21  21  23  22  22  21  18  20  18  18  15  15  18  17  13  12  13  11   8   5   6   6  13  16
DST2309*12RRX020   0  19  21  18  18  18  17  17  21  24  26  25  26  34  31  16 -15 -33 -53 -52 -59 -67 -72 -79 -70  -7
DST2309*13RRX020   0 -62 -59 -56 -46 -47 -41 -39 -30 -26 -19 -21 -32 -33 -34 -34 -34 -33 -28 -26 -30 -34 -37 -39 -37 -37
DST2309*14RRX020   0 -32 -24 -26 -18 -13 -16 -13  -9  -7   2  -2  -6  -6  -6  -2   2   3   1 -16 -24 -23 -31 -24 -22 -13
DST2309*15RRX020   0 -22 -21 -20 -18 -17 -12 -11 -10  -6  -4  -4  -6  -5  -5  -6  -6  -9 -14 -13  -9 -10 -14 -14 -14 -11
DST2309*16RRX020   0 -11  -7  -6  -2  -1   0  -1  -2   0   4   6   4   4   5   5   6   8   4  -4  -9 -14 -18 -20 -18  -3
DST2309*17RRX020   0  -8  -3   9   3   0   5   6   7   2  -1  -3  -2  -3  -6  -3  -1   0   3   5   5  -1   0   7  10   1
DST2309*18RRX020   0  11   5   0  -6 -14 -20 -20 -19 -12 -10 -12 -11 -12   4  14  10   3 -25 -58 -72 -69 -54 -49 -49 -19
DST2309*19RRX020   0 -45 -55 -82 -71 -77 -73 -67 -68 -61 -50 -49 -53 -63 -63 -61 -62 -56 -45 -46 -43 -41 -42 -39 -34 -56
DST2309*20RRX020   0 -36 -36 -34 -29 -26 -24 -25 -24 -22 -15 -19 -26 -22 -18 -15 -13 -14 -14 -11 -12 -11 -11 -10 -17 -20
DST2309*21RRX020   0  -9  -6  -6  -2  -4  -2  -8 -10  -5  -4  -5  -5  -9 -12 -19 -18 -15 -13 -14 -20 -25 -26 -24 -19 -12
DST2309*22RRX020   0 -16 -17 -18 -14 -12  -9 -10 -10  -1  -2  -6  -7 -12 -12 -13 -14 -13 -12 -13 -16 -14 -13 -14 -14 -12
DST2309*23RRX020   0 -11 -12 -12  -7  -8 -11 -16 -11  -9 -16 -21 -17 -17 -16 -14 -14 -13 -10 -11 -17 -16 -17 -19 -17 -14
DST2309*24RRX020   0 -17 -19 -18 -16 -15 -20 -24 -23 -21 -20 -12 -13 -15 -14 -11 -10 -11  -9  -5  -7   1   9 -21 -42 -15
DST2309*25RRX020   0 -46 -47 -66 -49 -39 -47 -31 -25 -29 -19 -23 -15   3   4   3  -5  -3  -3  -5  -8 -14 -10 -12 -15 -21
DST2309*26RRX020   0 -17 -19 -17 -20 -21 -26 -39 -38 -43 -42 -48 -52 -55 -50 -40 -42 -39 -42 -43 -44 -38 -32 -28 -24 -36
DST2309*27RRX020   0 -13 -10  -8  -7 -12 -12  -1 -13 -12   0   7  -5  -8   5  13  14  12   0 -14 -16 -16 -14 -12 -11  -6
DST2309*28RRX020   0 -13 -20 -21 -22 -22 -18 -18 -18 -16 -14 -16 -13 -12 -10  -8  -6  -5  -3  -3  -3  -3   3   4   2 -11
DST2309*29RRX020   0   2   2  -1  -8 -16 -22 -30 -39 -40 -38 -42 -35 -32 -17 -13 -12 -10 -10 -10 -13 -15 -11  -7  -2 -17
DST2309*30RRX020   0   0  -2  -2  -4  -4  -6 -13 -19 -22 -25 -20 -21 -17 -18 -20 -19 -17 -18 -20 -23 -25 -25 -26 -30 -17

[Created at Wed Oct 4 15:05:10 UTC 2023]
