DST2306*01RRX020   0 -18 -14 -18 -21 -27 -22 -15 -21 -33 -30 -25 -18 -20 -26 -33 -43 -42 -44 -44 -36 -29 -27 -21 -20 -27
DST2306*02RRX020   0 -20 -24 -24 -18 -17 -18 -16 -10 -10 -13 -13 -12 -15 -16 -15 -17 -17 -16 -13 -12 -13 -16 -14 -10 -15
DST2306*03RRX020   0  -9  -9  -7  -4  -4  -2  -5  -8 -10  -9  -5  -5  -4  -2  -3  -3  -3  -2  -3  -4  -1  -1   0   1  -4
DST2306*04RRX020   0   5  13  19  20  16  12   9   6   2   4   3   1  -5  -2   2   1   2   5   4  -9 -15 -16 -13 -14   2
DST2306*05RRX020   0 -14 -16 -13 -11 -11 -10  -9  -7  -6  -1  -3  -1  -1  -2  -1  -1   1   3   2   3   1   3   2   1  -4
DST2306*06RRX020   0   5   6  -1  -7  -4  -1  -2  -5  -4  -7  -7  -4  -3  -9  -8 -10  -8  -7  -8  -7  -5  -6  -7  -8  -5
DST2306*07RRX020   0  -6  -4  -4  -1  -1  -3  -1   2   1  -4  -4  -5  -6  -3  -2  -2  -2   0   1   1   0  -2  -2   0  -2
DST2306*08RRX020   0  -1  -2   1   5   4   4   2  -2  -5  -7  -7  -9  -9  -8  -5  -7  -5  -2  -2  -1   1   4   6   4  -2
DST2306*09RRX020   0   3   1  -1  -4  -5  -6  -4  -4  -1   0   2   2   4   4   6   9   8   6   5   3   3   3   4   1   2
DST2306*10RRX020   0  -2  -2   1   5   6   6   7   7   8   8   7   7   7   5   2   1   0   0   2   6  11  14  15  15   6
DST2306*11RRX020   0  11  14  14  15  13  10  13  18  22  24  23  18  15  15  13  12   9   1   0   1   4   3   8  10  12
DST2306*12RRX020   0   6   5   2   3   1   0   2   4   2   3   5   4   2   1  -5  -5  -5  -5  -5  -4   1   2   1  -3   1
DST2306*13RRX020   0  -4  -3  -1   1   0   2   2   1   4   4   6   4   4   3   3   1  -2  -6  -6  -4  -1  -3  -1  -1   0
DST2306*14RRX020   0  -4  -9 -11  -6  -4  -3  -2  -1   2   3   4   3   1  -1  -1  -2  -2  -3  -5  -5  -3  -2   0   0  -2
DST2306*15RRX020   0   1   0   2   1  -2  -3  -4  -6   1   4   7   5   4  20  20  19  -1 -11 -28 -35 -40 -37 -35 -41  -7
DST2306*16RRX020   0 -41 -45 -45 -53 -53 -61 -65 -59 -67 -72 -57 -52 -48 -51 -52 -59 -60 -58 -58 -56 -56 -49 -44 -42 -54
DST2306*17RRX020   0 -36 -35 -36 -34 -34 -38 -38 -35 -34 -33 -30 -28 -27 -29 -28 -32 -33 -32 -30 -32 -33 -33 -33 -35 -33
DST2306*18RRX020   0 -32 -32 -27 -29 -30 -34 -32 -28 -28 -28 -28 -30 -29 -29 -30 -33 -41 -47 -50 -47 -44 -41 -38 -37 -34
DST2306*19RRX020   0 -36 -37 -32 -29 -23 -24 -26 -23 -19 -14 -15 -14 -14 -17 -19 -22 -24 -27 -32 -34 -32 -25 -29 -33 -25
DST2306*20RRX020   0 -32 -28 -25 -21 -20 -21 -23 -20 -18 -18 -16 -17 -20 -22 -24 -25 -26 -25 -24 -21 -18 -18 -21 -21 -22
DST2306*21RRX020   0 -17 -20 -24 -16 -16 -19 -19 -16 -12 -11 -10  -8  -7 -10 -13 -17 -20 -19 -17 -15 -13 -15 -21 -19 -16
DST2306*22RRX020   0 -20 -17 -14 -13 -12 -15 -16 -15 -17 -29 -26 -24 -22 -22 -25 -28 -30 -34 -38 -39 -35 -29 -29 -33 -24
DST2306*23RRX020   0 -34 -30 -25 -19 -18 -19 -20 -17 -17 -18 -15 -16 -18 -18 -22 -22 -20 -23 -28 -29 -26 -29 -29 -26 -22
DST2306*24RRX020   0 -25 -26 -26 -22 -20 -23 -34 -29 -26 -22 -21 -24 -25 -24 -25 -31 -28 -27 -25 -21 -18 -27 -28 -33 -25
DST2306*25RRX020   0 -51 -57 -40 -38 -34 -43 -41 -36 -31 -29 -28 -28 -28 -29 -28 -32 -37 -45 -44 -42 -36 -31 -31 -33 -36
DST2306*26RRX020   0 -33 -35 -34 -30 -28 -32 -29 -25 -22 -24 -26 -27 -25 -27 -28 -33 -37 -32 -28 -24 -25 -26 -21 -20 -28
DST2306*27RRX020   0 -18 -22 -27 -27 -27 -26 -24 -29 -23 -23 -16 -15 -20 -22 -22 -24 -26 -29 -27 -23 -16 -13 -18 -24 -23
DST2306*28RRX020   0 -27 -23 -20 -17 -21 -20 -16 -12 -14 -14 -15 -13 -12 -15 -16 -18 -18 -19 -20 -17 -17 -11  -9 -12 -17
DST2306*29RRX020   0 -12 -13 -15 -16 -21 -22 -21 -19 -21 -30 -34 -29 -32 -33 -35 -39 -35 -39 -42 -44 -41 -40 -39 -33 -29
DST2306*30RRX020   0 -32 -31 -24 -26 -25 -25 -25 -23 -24 -23 -21 -18 -20 -23 -19 -20 -27 -26 -27 -23 -20 -17 -14 -16 -23

[Created at Mon Sep 25 15:05:33 UTC 2023]
