DST2308*01RRX020   0 -12 -11  -9  -5  -2  -4  -4   1   6   9  10  17  16  20  24  22  20  15   9  14  13  11   6   5   7
DST2308*02RRX020   0  10  15  21  22  22  12   4  -3  -9 -17 -26 -27 -32 -39 -45 -44 -39 -34 -28 -29 -31 -32 -30 -24 -16
DST2308*03RRX020   0 -20 -19 -15  -8  -6  -4  -4  -5  -7  -8 -12 -10 -13 -13 -14 -10  -7   0   3   1  -2  -3  -6  -6  -8
DST2308*04RRX020   0  -5  -7  -4  -1   0   0  -3   1   8   5   4   2   2  15  22  22  21  19  -2  -3  -6 -17 -22 -11   2
DST2308*05RRX020   0 -33 -53 -39 -33 -70 -89 -93 -79 -63 -63 -66 -78 -75 -71 -65 -67 -69 -63 -58 -52 -48 -45 -40 -39 -60
DST2308*06RRX020   0 -37 -37 -38 -37 -36 -35 -33 -33 -32 -32 -32 -30 -26 -24 -23 -22 -22 -17 -16 -14 -14 -15 -16 -15 -27
DST2308*07RRX020   0 -14 -12 -23 -34 -40 -39 -38 -36 -33 -31 -28 -22 -14 -10 -10 -13 -13 -12 -10 -15 -22 -24 -21 -20 -22
DST2308*08RRX020   0 -28 -31 -31 -31 -30 -29 -30 -29 -26 -23 -20 -20 -21 -18 -16 -13 -12  -9  -9  -6  -2  -2  -5  -7 -19
DST2308*09RRX020   0 -10 -14 -12  -4  -2  -5  -9  -9 -14  -8  -6  -3  -2  -1  -3  -2   2   4   4  -1  -1  -1  -5  -4  -4
DST2308*10RRX020   0  -3  -9 -11  -9 -11 -11  -8  -9 -14 -14 -16 -17 -13  -7  -2  -1   2  -1  -1  -5  -3  -5  -1   0  -7
DST2308*11RRX020   0   0  -3  -2   2   5   5   7   1  -2  -3   1   2   3   4   4   6   7   7   7   8   7   8   7   5   4
DST2308*12RRX020   0   2   2   3   1  -1   1   2   2   4   3   1  -2  -2   1   2   3   0   0   3   3  -3  -4  -3  -1   1
DST2308*13RRX020   0  -1  -1   4   6   3  -1  -1   3   3   3   3   3   5   5   4   6   6   9  10   9  10   8   8   8   5
DST2308*14RRX020   0   7   9  12  14  10   9   8  10  14  14  13   9   6   4   3   2   3   2   2   0  -1   2   5   6   7
DST2308*15RRX020   0   8   7  11  13  14  14  13  14  13  13  12  13  14  14  16  16  13  14  12   7   3   1   0  -1  11
DST2308*16RRX020   0   3   4   7  12  13  11   8  11  12  12  12  11  11  11   2  -8 -18 -21 -21 -19 -18 -12  -4  -1   1
DST2308*17RRX020   0   1   2   5   3  -1  -2  -6  -6  -5   2   5   4   2   2   0   4  13  16  17  20  22  23  26  36   8
DST2308*18RRX020   0  32  32  26  15   8   7  -3  -9  -2  -2  -8  -3   0   4   3   2   3   2   4   2  -3  -4  -6  -5   4
DST2308*19RRX020   0  -3   0   3   1  -1   2   0   0   2   3   5   7   9  11  14  15  17  18  17  16  -1  -2  -1   0   6
DST2308*20RRX020   0   0  -4  -9  -8  -1   3   4   4   6   8   1  -1  -2  -1  -2  -2   0   4   6   6   6   7   6   6   2
DST2308*21RRX020   0   5   6   8   9   5   5   8   9   6   6  12  10   1   0  -1  -2  -1   0   0   1   8  10  10   6   5
DST2308*22RRX020   0   3   6   3   0  -5  -5  -8  -9  -9  -9  -8  -7  -9  -8 -11 -11  -6  -1   1   1   1  -2  -3   1  -4
DST2308*23RRX020   0   3   4   6  10  12  11   9   9  10  12  12  12  11   9   9   9   7   6   8  10  12  13  15  17  10
DST2308*24RRX020   0  15  14  15  18  17  16  13  12  16  15  13  10   8  12  13   4   0   6   8   1  -6  -9  -5   0   9
DST2308*25RRX020   0   4   5   4   2   1   0   0   1   3   4   5   4   0  -4  -7  -7  -4  -3  -3  -2  -1  -1  -2  -3   0
DST2308*26RRX020   0   0   1   6   6   1   3  -2  -4   1   3   5   2  -2   0  -3  -7  -9  -5  -4  -3   2   8  10   6   1
DST2308*27RRX020   0   7   2  -3  -6  -6 -10 -10 -15 -11  -4  -1   1   2   4   4   3   0  -1  -3  -3  -3  -2  -1   1  -2
DST2308*28RRX020   0   2   1   1  -3  -8  -8  -9  -6  -7  -2  -3  -7 -12 -12 -10  -6  -3  -2   0  -3  -1   0   3   5  -4
DST2308*29RRX020   0   9  11  14  16  12  10  10  12  16  18  17   3  -8  -5  -3  -1   1   1   2   4   3   4   2  -2   6
DST2308*30RRX020   0  -4  -4   0   3   2   1   0   1   7   7   5  -3 -11 -12  -9  -6  -4   0   3   1   3   6   6   5   0
DST2308*31RRX020   0 -23 -20 -17 -18 -19 -21 -31 -35 -27 -21 -15 -13 -10  -9 -10 -12 -11  -9 -12 -15 -15 -13 -15 -20 -17

[Created at Mon Sep 25 15:05:10 UTC 2023]
