DST2305*01RRX020   0 -15 -20 -17 -12 -12 -15 -13 -19 -21 -19 -12 -13 -19 -18 -15 -11 -14 -15 -20 -25 -29 -30 -29 -28 -18
DST2305*02RRX020   0 -33 -35 -29 -21 -27 -34 -35 -32 -30 -33 -33 -26 -21 -20 -18 -18 -20 -21 -22 -23 -21 -19 -17 -13 -25
DST2305*03RRX020   0 -12 -12 -10  -4   0   0  -1  -2  -2  -3  -3  -1  -1  -3  -4  -9 -10  -7  -5  -5  -8  -5  -4  -2  -5
DST2305*04RRX020   0  -3  -8  -9  -7  -4  -5  -5   0   2   0  -2  -5  -8  -6  -8 -13 -11  -7  -8  -6  -4  -5  -4  -5  -5
DST2305*05RRX020   0  -4  -4  -4  -7  -7  -7  -6  -6  -3  -2   0   2   2   0  -2  -2  -4  -7  -7  -6  -4  -6  -9 -10  -4
DST2305*06RRX020   0  -9   2  14  -6 -37 -67 -61 -58 -58 -61 -50 -57 -49 -41 -38 -40 -45 -43 -38 -42 -39 -39 -30 -29 -38
DST2305*07RRX020   0 -28 -29 -24 -18 -16 -17 -22 -22 -16  -7   0   3   6   9  25  29   6   6   4   7   4   6   4  -3  -4
DST2305*08RRX020   0  -3 -18 -21  -7  -6 -12 -16 -19 -20 -18 -13  -9 -13 -12   2 -21 -29 -20 -19 -19 -19 -24 -22 -28 -16
DST2305*09RRX020   0 -27 -29 -25 -22 -16 -20 -18 -15 -10  -8  -3   2   2  -7  -8 -15 -15 -18 -15  -9 -11 -12  -8  13 -12
DST2305*10RRX020   0   4   4   5  39  19   8   5  10  10   5  18  11  10   0   2  -6  -4  -8  -8 -10 -15 -18 -18 -14   2
DST2305*11RRX020   0 -11 -12 -10  -5  -5  -9  -7  -7  -7  -3  -2  -6  -2   0  -3  -7  -8  -7  -7  -7 -13  -9   2   5  -6
DST2305*12RRX020   0   8  10  10   9   2  -5   3  17  22  13  17  14  12  18  16  10   7  -2  -9 -16 -15 -11  -4  -3   5
DST2305*13RRX020   0   3   4   6   8   9   3   1  -3  -2  -5   0   0  -3  -1   1   6  13   8   2   2  -9 -22 -19 -14  -1
DST2305*14RRX020   0 -15 -17 -15  -6   0   3   3   1  -1   0   3   2   1   3   5   7   4 -14 -24 -23 -20 -17  -8  -2  -5
DST2305*15RRX020   0  -1  -2  -2   1   3   3   3   1   2   4   5   5   5   3   0  -1  -3  -6  -6  -2   2   7  11  10   2
DST2305*16RRX020   0   5   3  -2  -4   0   6   0  -1   0   3   2   0  -2   1   1   2  -1  -2  -1  -3  -3   0   0  -2   0
DST2305*17RRX020   0   3   6   6   9   8   7   5   4   5   5   4   3   4   4   5   6   7   6   6   5   3   5  10   9   6
DST2305*18RRX020   0   8   4   6  10  13  13  11  10   7   4   4   5   5   6   8  10  11  10   9   8   8   9   8   7   8
DST2305*19RRX020   0   8   9  14  19  20  17  16  16  13  13  19  18  19  18  21  25  24  18  12  18  30  31  16 -10  17
DST2305*20RRX020   0 -17 -27 -39 -43 -35 -37 -54 -56 -43 -43 -50 -57 -46 -44 -54 -53 -55 -52 -46 -44 -40 -35 -35 -35 -43
DST2305*21RRX020   0 -29 -25 -27 -21 -19 -23 -21 -20 -18 -16  -9 -10 -16 -19 -15 -18 -19  -9  -5 -16 -35 -34 -36 -38 -21
DST2305*22RRX020   0 -34 -39 -40 -38 -35 -33 -29 -26 -25 -16 -19 -18 -14 -12  -7  -3  -7 -14 -14 -15 -16 -15 -24 -30 -22
DST2305*23RRX020   0 -27 -24 -19 -14 -14 -12 -10 -10 -13 -12  -5  -4  -6  -9  -8  -6  -5  -7 -10 -11 -14 -16  -9  -9 -11
DST2305*24RRX020   0  -7 -14 -16 -12  -8 -12 -10  -5  -3  -2   0  -3 -10 -17 -14  -8  -9 -15 -16 -16 -17 -16 -15 -16 -11
DST2305*25RRX020   0 -17 -19 -15  -9 -11 -12 -10 -15  -8 -16 -14 -10 -17 -16 -12 -12 -15 -17 -16 -16 -15 -16 -15 -14 -14
DST2305*26RRX020   0  -9 -11 -13  -9 -10 -14 -11 -12 -11 -13 -13 -11 -11  -9 -10 -11 -10 -10 -10 -10 -10 -11  -9  -6 -11
DST2305*27RRX020   0  -7 -10 -10  -7  -7 -10 -10  -6  -2  -5  -6  -7  -9 -10 -10  -6  -4  -5 -11 -13 -13 -11 -10 -15  -9
DST2305*28RRX020   0 -12 -15 -14 -11 -13 -15 -12 -18 -22 -25 -26 -27 -27 -32 -29 -26 -25 -23 -19 -19 -16 -15 -12  -9 -19
DST2305*29RRX020   0  -8 -10 -12 -11  -9  -7  -4   0   0   3   2  -1  -2   1   3   4   5   4   2   0   1   0   1   5  -1
DST2305*30RRX020   0   9   8   8   9   7   5   5   8   6   4   8   9   5   6  10  15  16  13  10   6   1  -2  -1  -4   7
DST2305*31RRX020   0  -6  -7   2   5   6   6   5   0   0   6   5   1  -2  -3   0  -5  -4  -3  -5  -5  -9 -17 -15  -7  -2

[Created at Thu Aug 31 15:05:39 UTC 2023]
