DST2304*01RRX020   0 -21 -21 -20 -21 -22 -21 -18 -14 -10  -6 -14 -22 -19 -19 -22 -26 -29 -38 -33 -28 -23 -19 -22 -37 -22
DST2304*02RRX020   0 -44 -39 -31 -36 -36 -38 -39 -33 -33 -38 -36 -29 -29 -28 -28 -27 -27 -30 -29 -26 -24 -26 -26 -20 -31
DST2304*03RRX020   0 -24 -32 -30 -29 -29 -30 -31 -23 -20 -21 -17 -16 -17 -15 -20 -23 -24 -30 -34 -35 -28 -27 -25 -27 -25
DST2304*04RRX020   0 -32 -32 -21 -19 -24 -30 -33 -24 -19 -12  -9 -11 -10  -9  -8  -7  -7 -11 -12 -10 -16 -15 -19 -21 -17
DST2304*05RRX020   0 -25 -26 -23 -28 -29 -27 -25 -22 -21 -18 -16 -20 -17 -14 -12 -16 -22 -28 -23 -19 -20 -21 -19 -17 -21
DST2304*06RRX020   0 -17 -18 -17 -15 -13 -10  -6  -4  -8  -9 -14 -14  -9  -7  -7  -8 -10 -16 -19 -14  -5  -3  -4  -7 -11
DST2304*07RRX020   0 -18 -22 -21 -22 -28 -31 -31 -30 -26 -20 -20 -16 -14  -9  -7  -9  -9 -11  -8  -4  -9  -9  -8  -6 -16
DST2304*08RRX020   0  -7 -10  -9  -5  -7 -10 -14 -17 -21 -19 -14 -12 -10  -8  -6  -7  -6  -5  -2  -3  -3  -5  -7  -9  -9
DST2304*09RRX020   0 -16 -22 -17 -11  -9  -9  -8  -8  -7  -8  -9  -6  -7 -11 -10 -11 -10 -13 -13  -9  -8  -9  -6   1 -10
DST2304*10RRX020   0   2   0  -2  -4  -9 -13 -22 -30 -41 -38 -29 -22 -20 -13 -14 -15 -16 -14 -12 -10  -9 -11 -12 -10 -15
DST2304*11RRX020   0  -9  -9  -7  -2   0   2  -2  -8  -6  -1   0   1   0   1   1   1   1   0   1   2   6   5   3   2  -1
DST2304*12RRX020   0   0  -2  -2  -2  -1   1   2   5   5   8   6   6   8   8   8   5   7   6   6   7   7   9  10  12   5
DST2304*13RRX020   0   7   1  -6  -2  -1   2   3   5   6   8   7   5   5   5   4   6   7   4   4   2   0   1  -1  -1   3
DST2304*14RRX020   0  -3  -5   0   4   5   7  11  13  11   5  -1  -2   0  -1  -4  -4  -1  -4  -5  -2  -2   0   0  -2   1
DST2304*15RRX020   0  -5  -7  -1  -2  -5  -8  -6  -7 -14 -19 -21 -13  -6  -4  -9 -11  -9 -11 -15 -15 -16 -13  -8  -6 -10
DST2304*16RRX020   0  -5  -7  -7 -10 -11 -12  -9  -7  -5  -6  -3  -1  -1   0   3   6   7   6   5   4   3   3   3   2  -2
DST2304*17RRX020   0   3   5   6   9  10  10   8   7   6   2   0   1   2   1  -1  -5  -7  -5  -3  -2  -1  -1  -1  -2   2
DST2304*18RRX020   0   2   3   4   3   1   0   4   5   6   8   5   4   2   1  22  24  29  25  20  22  10   5  -3  -3   8
DST2304*19RRX020   0  -3  -3  -3  -2  -2  -1   4  12  13  12  -1 -14 -29 -35 -36 -29 -27 -25 -25 -22 -18 -15 -12 -10 -11
DST2304*20RRX020   0  -9  -5  -3  -5  -6  -4  -5   1  -2   0   0  -1  -3  -2  -2  -1  -2  -5  -5  -7  -8  -7  -5  -6  -4
DST2304*21RRX020   0  -6  -2   5   0  -1  -1   2   2  -3  -7  -8  -5  -1   0  -1  -6 -11 -17 -17 -16 -20 -29 -29 -27  -8
DST2304*22RRX020   0 -29 -28 -22 -19 -19 -21 -15  -9 -10  -9  -9  -8  -8  -6  -6  -8  -8  -9 -11 -12 -15 -11  -9  -9 -13
DST2304*23RRX020   0 -14 -15 -11 -11 -11 -12 -13 -10  -8 -13 -27 -30 -35 -33 -38 -49 -56 -61 -81-109-129-165-149-140 -51
DST2304*24RRX020   0-147-146-179-199-209-212-208-180-161-157-148-125-118-118-112 -99 -96 -89 -84 -73 -74 -71 -59 -56-130
DST2304*25RRX020   0 -57 -56 -56 -57 -60 -63 -61 -58 -56 -52 -47 -43 -41 -43 -45 -49 -46 -41 -40 -35 -35 -43 -44 -42 -49
DST2304*26RRX020   0 -43 -41 -38 -44 -45 -45 -44 -42 -39 -35 -36 -31 -24 -28 -31 -32 -33 -36 -32 -35 -35 -31 -28 -25 -36
DST2304*27RRX020   0 -21 -19 -22 -28 -41 -45 -42 -49 -51 -45 -49 -35 -30 -33 -41 -43 -43 -37 -41 -36 -34 -34 -35 -36 -37
DST2304*28RRX020   0 -43 -41 -41 -42 -42 -51 -52 -51 -41 -35 -34 -26 -26 -25 -27 -30 -36 -38 -37 -36 -38 -37 -38 -38 -38
DST2304*29RRX020   0 -38 -36 -40 -39 -37 -35 -31 -28 -35 -34 -32 -35 -34 -35 -37 -34 -38 -43 -36 -38 -39 -43 -40 -36 -36
DST2304*30RRX020   0 -35 -37 -39 -39 -32 -37 -47 -39 -33 -31 -32 -28 -24 -20 -18 -20 -23 -24 -23 -21 -21 -18 -17 -15 -28

[Created at Sun Jul 30 15:05:44 UTC 2023]
